-7.602233328105592082e-03
1.407660999818109021e-02
8.514936368378595022e-02
5.623968973990731146e-02
6.545202901473434753e-02
-3.503529402254628583e-02
5.012240482580244960e-02
-2.263191294454231645e-02
-6.393942513166805952e-02
2.050248359680222759e-02
-1.947740882423954767e-01
-2.800562089113048901e-03
-5.371554228484407695e-02
5.475055262371100739e-02
-6.276322675120807326e-02
5.053465968630322519e-02
1.293034849295133203e-02
-1.609837360290072017e-01
-7.368038207185063915e-02
-1.993899471561125236e-02
7.265315010332977497e-02
1.748939392816657376e-02
-1.243526064897615552e-01
-2.897348728133210521e-03
-6.248013203379002012e-02
-1.610321925598675596e-01
-3.025894030025864500e-03
2.295558837211036929e-02
2.749510861605556841e-02
-6.176343977396141910e-02
1.062451943772869528e-01
-2.241821198937176546e-02
-1.883111259044943989e-02
3.827229453561762501e-02
-7.724669183067284228e-02
-1.221058859689856391e-01
2.162371532662059337e-02
4.050716287760720152e-02
-4.980097605830191565e-02
2.489534853140132689e-02
1.419772684340267835e-02
-3.174459859969294001e-02
1.122791864572026017e-02
8.970283436086901041e-02
5.981699711880932024e-02
-2.754100797984434731e-02
3.187633491417078083e-03
-6.762948224280111720e-02
-2.450269307809887706e-02
2.687100614008435667e-02
3.419425554901331377e-02
-6.652309073779313908e-02
1.145807335734417252e-02
-3.760310038827430201e-02
-6.805384317517090831e-02
3.315439508193286644e-02
-2.568413689306607225e-02
-2.803658996863055836e-02
1.101861422785434946e-02
-1.217183607079622698e-01
-8.766724058706223954e-03
-2.909832566417482405e-02
-1.037756777073652048e-02
6.005020814734155638e-02
6.166164944799604197e-02
-7.508360987840198564e-02
5.236797850855184899e-02
-6.826289195372942098e-02
-2.794951622943643577e-02
-3.030139537752868373e-02
5.226455670465387365e-02
-5.762217474378079213e-02
6.505092031015526077e-02
3.024562873045863096e-04
1.054668334731738710e-01
-3.287326864224501821e-02
-4.050347989200578369e-02
-2.545563078943360782e-03
-7.263377553379801732e-02
-2.759891509130471543e-02
-1.264653534966054746e-02
9.613933941003652284e-02
5.468745124079229386e-02
4.626470931400037540e-02
1.029236856943712211e-02
-9.269773934195095488e-02
1.638551995436101413e-03
1.698230716241558302e-02
9.757003998610260659e-03
-1.204848984816003499e-01
3.181478433491369273e-02
-7.497799413091324472e-02
3.418362905033089146e-03
1.295021619653068112e-02
-3.618047998258164255e-02
-8.666977617319440719e-02
3.283921413068266958e-04
-3.407689610222921009e-03
2.102037786717206314e-02
-1.094462944856193498e-02
4.776080571190181867e-02
5.119657773615228502e-02
2.356624343896399770e-02
-5.172547367154966408e-02
-4.014746683387909049e-02
5.461135798478973687e-03
-2.995510352049456093e-02
8.802391311760407455e-02
4.224841764574434159e-03
3.955690432163998932e-02
-7.929718189778367510e-02
-5.744153294536148702e-02
-2.548007825329068679e-02
1.561070242010295650e-02
-6.669437647860157470e-02
-2.081431372192434764e-02
-5.179963172481840544e-02
-1.075970047785765327e-02
2.556720805380892012e-02
1.060883341870437306e-02
-3.825381010825719408e-02
-1.315027346677109521e-01
-1.304220536493276850e-01
1.620578875118029727e-01
-4.787529373474255084e-02
6.031139470591381085e-02
5.602839932536145956e-02
1.558474672967974026e-02
